Idx	EyeConf	HR_ROC	Accel_g	Score	Alert
--------------------------------------------------------------
   0	0.0	0.00	1.00	0.000	no
   1	0.0	0.00	1.20	0.000	no
   2	0.0	0.00	1.40	0.040	no
   3	0.0	0.00	1.60	0.120	no
   4	0.0	0.00	1.80	0.200	YES
   5	0.0	0.00	2.00	0.200	YES
   6	0.0	0.00	2.20	0.200	YES
   7	0.0	0.00	2.40	0.200	YES
   8	0.0	0.50	1.00	0.000	no
   9	0.0	0.50	1.20	0.000	no
  10	0.0	0.50	1.40	0.040	no
  11	0.0	0.50	1.60	0.120	no
  12	0.0	0.50	1.80	0.200	YES
  13	0.0	0.50	2.00	0.200	YES
  14	0.0	0.50	2.20	0.200	YES
  15	0.0	0.50	2.40	0.200	YES
  16	0.0	1.00	1.00	0.000	no
  17	0.0	1.00	1.20	0.000	no
  18	0.0	1.00	1.40	0.040	no
  19	0.0	1.00	1.60	0.120	no
  20	0.0	1.00	1.80	0.200	YES
  21	0.0	1.00	2.00	0.200	YES
  22	0.0	1.00	2.20	0.200	YES
  23	0.0	1.00	2.40	0.200	YES
  24	0.0	1.50	1.00	0.033	no
  25	0.0	1.50	1.20	0.033	no
  26	0.0	1.50	1.40	0.073	no
  27	0.0	1.50	1.60	0.153	no
  28	0.0	1.50	1.80	0.233	YES
  29	0.0	1.50	2.00	0.233	YES
  30	0.0	1.50	2.20	0.233	YES
  31	0.0	1.50	2.40	0.233	YES
  32	0.0	2.00	1.00	0.067	no
  33	0.0	2.00	1.20	0.067	no
  34	0.0	2.00	1.40	0.107	no
  35	0.0	2.00	1.60	0.187	no
  36	0.0	2.00	1.80	0.267	YES
  37	0.0	2.00	2.00	0.267	YES
  38	0.0	2.00	2.20	0.267	YES
  39	0.0	2.00	2.40	0.267	YES
  40	0.0	2.50	1.00	0.100	no
  41	0.0	2.50	1.20	0.100	no
  42	0.0	2.50	1.40	0.140	no
  43	0.0	2.50	1.60	0.220	YES
  44	0.0	2.50	1.80	0.300	YES
  45	0.0	2.50	2.00	0.300	YES
  46	0.0	2.50	2.20	0.300	YES
  47	0.0	2.50	2.40	0.300	YES
  48	0.0	3.00	1.00	0.133	no
  49	0.0	3.00	1.20	0.133	no
  50	0.0	3.00	1.40	0.173	no
  51	0.0	3.00	1.60	0.253	YES
  52	0.0	3.00	1.80	0.333	YES
  53	0.0	3.00	2.00	0.333	YES
  54	0.0	3.00	2.20	0.333	YES
  55	0.0	3.00	2.40	0.333	YES
  56	0.0	3.50	1.00	0.167	no
  57	0.0	3.50	1.20	0.167	no
  58	0.0	3.50	1.40	0.207	YES
  59	0.0	3.50	1.60	0.287	YES
  60	0.0	3.50	1.80	0.367	YES
  61	0.0	3.50	2.00	0.367	YES
  62	0.0	3.50	2.20	0.367	YES
  63	0.0	3.50	2.40	0.367	YES
  64	0.0	4.00	1.00	0.200	YES
  65	0.0	4.00	1.20	0.200	YES
  66	0.0	4.00	1.40	0.240	YES
  67	0.0	4.00	1.60	0.320	YES
  68	0.0	4.00	1.80	0.400	YES
  69	0.0	4.00	2.00	0.400	YES
  70	0.0	4.00	2.20	0.400	YES
  71	0.0	4.00	2.40	0.400	YES
  72	0.0	4.50	1.00	0.200	YES
  73	0.0	4.50	1.20	0.200	YES
  74	0.0	4.50	1.40	0.240	YES
  75	0.0	4.50	1.60	0.320	YES
  76	0.0	4.50	1.80	0.400	YES
  77	0.0	4.50	2.00	0.400	YES
  78	0.0	4.50	2.20	0.400	YES
  79	0.0	4.50	2.40	0.400	YES
  80	0.0	5.00	1.00	0.200	YES
  81	0.0	5.00	1.20	0.200	YES
  82	0.0	5.00	1.40	0.240	YES
  83	0.0	5.00	1.60	0.320	YES
  84	0.0	5.00	1.80	0.400	YES
  85	0.0	5.00	2.00	0.400	YES
  86	0.0	5.00	2.20	0.400	YES
  87	0.0	5.00	2.40	0.400	YES
  88	0.0	5.50	1.00	0.200	YES
  89	0.0	5.50	1.20	0.200	YES
  90	0.0	5.50	1.40	0.240	YES
  91	0.0	5.50	1.60	0.320	YES
  92	0.0	5.50	1.80	0.400	YES
  93	0.0	5.50	2.00	0.400	YES
  94	0.0	5.50	2.20	0.400	YES
  95	0.0	5.50	2.40	0.400	YES
  96	0.0	6.00	1.00	0.200	YES
  97	0.0	6.00	1.20	0.200	YES
  98	0.0	6.00	1.40	0.240	YES
  99	0.0	6.00	1.60	0.320	YES
 100	0.0	6.00	1.80	0.400	YES
 101	0.0	6.00	2.00	0.400	YES
 102	0.0	6.00	2.20	0.400	YES
 103	0.0	6.00	2.40	0.400	YES
 104	0.0	6.50	1.00	0.200	YES
 105	0.0	6.50	1.20	0.200	YES
 106	0.0	6.50	1.40	0.240	YES
 107	0.0	6.50	1.60	0.320	YES
 108	0.0	6.50	1.80	0.400	YES
 109	0.0	6.50	2.00	0.400	YES
 110	0.0	6.50	2.20	0.400	YES
 111	0.0	6.50	2.40	0.400	YES
 112	0.0	7.00	1.00	0.200	YES
 113	0.0	7.00	1.20	0.200	YES
 114	0.0	7.00	1.40	0.240	YES
 115	0.0	7.00	1.60	0.320	YES
 116	0.0	7.00	1.80	0.400	YES
 117	0.0	7.00	2.00	0.400	YES
 118	0.0	7.00	2.20	0.400	YES
 119	0.0	7.00	2.40	0.400	YES
 120	0.0	7.50	1.00	0.200	YES
 121	0.0	7.50	1.20	0.200	YES
 122	0.0	7.50	1.40	0.240	YES
 123	0.0	7.50	1.60	0.320	YES
 124	0.0	7.50	1.80	0.400	YES
 125	0.0	7.50	2.00	0.400	YES
 126	0.0	7.50	2.20	0.400	YES
 127	0.0	7.50	2.40	0.400	YES
 128	0.0	8.00	1.00	0.200	YES
 129	0.0	8.00	1.20	0.200	YES
 130	0.0	8.00	1.40	0.240	YES
 131	0.0	8.00	1.60	0.320	YES
 132	0.0	8.00	1.80	0.400	YES
 133	0.0	8.00	2.00	0.400	YES
 134	0.0	8.00	2.20	0.400	YES
 135	0.0	8.00	2.40	0.400	YES
 136	20.0	0.00	1.00	0.000	no
 137	20.0	0.00	1.20	0.000	no
 138	20.0	0.00	1.40	0.040	no
 139	20.0	0.00	1.60	0.120	no
 140	20.0	0.00	1.80	0.200	YES
 141	20.0	0.00	2.00	0.200	YES
 142	20.0	0.00	2.20	0.200	YES
 143	20.0	0.00	2.40	0.200	YES
 144	20.0	0.50	1.00	0.000	no
 145	20.0	0.50	1.20	0.000	no
 146	20.0	0.50	1.40	0.040	no
 147	20.0	0.50	1.60	0.120	no
 148	20.0	0.50	1.80	0.200	YES
 149	20.0	0.50	2.00	0.200	YES
 150	20.0	0.50	2.20	0.200	YES
 151	20.0	0.50	2.40	0.200	YES
 152	20.0	1.00	1.00	0.000	no
 153	20.0	1.00	1.20	0.000	no
 154	20.0	1.00	1.40	0.040	no
 155	20.0	1.00	1.60	0.120	no
 156	20.0	1.00	1.80	0.200	YES
 157	20.0	1.00	2.00	0.200	YES
 158	20.0	1.00	2.20	0.200	YES
 159	20.0	1.00	2.40	0.200	YES
 160	20.0	1.50	1.00	0.033	no
 161	20.0	1.50	1.20	0.033	no
 162	20.0	1.50	1.40	0.073	no
 163	20.0	1.50	1.60	0.153	no
 164	20.0	1.50	1.80	0.233	YES
 165	20.0	1.50	2.00	0.233	YES
 166	20.0	1.50	2.20	0.233	YES
 167	20.0	1.50	2.40	0.233	YES
 168	20.0	2.00	1.00	0.067	no
 169	20.0	2.00	1.20	0.067	no
 170	20.0	2.00	1.40	0.107	no
 171	20.0	2.00	1.60	0.187	no
 172	20.0	2.00	1.80	0.267	YES
 173	20.0	2.00	2.00	0.267	YES
 174	20.0	2.00	2.20	0.267	YES
 175	20.0	2.00	2.40	0.267	YES
 176	20.0	2.50	1.00	0.100	no
 177	20.0	2.50	1.20	0.100	no
 178	20.0	2.50	1.40	0.140	no
 179	20.0	2.50	1.60	0.220	YES
 180	20.0	2.50	1.80	0.300	YES
 181	20.0	2.50	2.00	0.300	YES
 182	20.0	2.50	2.20	0.300	YES
 183	20.0	2.50	2.40	0.300	YES
 184	20.0	3.00	1.00	0.133	no
 185	20.0	3.00	1.20	0.133	no
 186	20.0	3.00	1.40	0.173	no
 187	20.0	3.00	1.60	0.253	YES
 188	20.0	3.00	1.80	0.333	YES
 189	20.0	3.00	2.00	0.333	YES
 190	20.0	3.00	2.20	0.333	YES
 191	20.0	3.00	2.40	0.333	YES
 192	20.0	3.50	1.00	0.167	no
 193	20.0	3.50	1.20	0.167	no
 194	20.0	3.50	1.40	0.207	YES
 195	20.0	3.50	1.60	0.287	YES
 196	20.0	3.50	1.80	0.367	YES
 197	20.0	3.50	2.00	0.367	YES
 198	20.0	3.50	2.20	0.367	YES
 199	20.0	3.50	2.40	0.367	YES
 200	20.0	4.00	1.00	0.200	YES
 201	20.0	4.00	1.20	0.200	YES
 202	20.0	4.00	1.40	0.240	YES
 203	20.0	4.00	1.60	0.320	YES
 204	20.0	4.00	1.80	0.400	YES
 205	20.0	4.00	2.00	0.400	YES
 206	20.0	4.00	2.20	0.400	YES
 207	20.0	4.00	2.40	0.400	YES
 208	20.0	4.50	1.00	0.200	YES
 209	20.0	4.50	1.20	0.200	YES
 210	20.0	4.50	1.40	0.240	YES
 211	20.0	4.50	1.60	0.320	YES
 212	20.0	4.50	1.80	0.400	YES
 213	20.0	4.50	2.00	0.400	YES
 214	20.0	4.50	2.20	0.400	YES
 215	20.0	4.50	2.40	0.400	YES
 216	20.0	5.00	1.00	0.200	YES
 217	20.0	5.00	1.20	0.200	YES
 218	20.0	5.00	1.40	0.240	YES
 219	20.0	5.00	1.60	0.320	YES
 220	20.0	5.00	1.80	0.400	YES
 221	20.0	5.00	2.00	0.400	YES
 222	20.0	5.00	2.20	0.400	YES
 223	20.0	5.00	2.40	0.400	YES
 224	20.0	5.50	1.00	0.200	YES
 225	20.0	5.50	1.20	0.200	YES
 226	20.0	5.50	1.40	0.240	YES
 227	20.0	5.50	1.60	0.320	YES
 228	20.0	5.50	1.80	0.400	YES
 229	20.0	5.50	2.00	0.400	YES
 230	20.0	5.50	2.20	0.400	YES
 231	20.0	5.50	2.40	0.400	YES
 232	20.0	6.00	1.00	0.200	YES
 233	20.0	6.00	1.20	0.200	YES
 234	20.0	6.00	1.40	0.240	YES
 235	20.0	6.00	1.60	0.320	YES
 236	20.0	6.00	1.80	0.400	YES
 237	20.0	6.00	2.00	0.400	YES
 238	20.0	6.00	2.20	0.400	YES
 239	20.0	6.00	2.40	0.400	YES
 240	20.0	6.50	1.00	0.200	YES
 241	20.0	6.50	1.20	0.200	YES
 242	20.0	6.50	1.40	0.240	YES
 243	20.0	6.50	1.60	0.320	YES
 244	20.0	6.50	1.80	0.400	YES
 245	20.0	6.50	2.00	0.400	YES
 246	20.0	6.50	2.20	0.400	YES
 247	20.0	6.50	2.40	0.400	YES
 248	20.0	7.00	1.00	0.200	YES
 249	20.0	7.00	1.20	0.200	YES
 250	20.0	7.00	1.40	0.240	YES
 251	20.0	7.00	1.60	0.320	YES
 252	20.0	7.00	1.80	0.400	YES
 253	20.0	7.00	2.00	0.400	YES
 254	20.0	7.00	2.20	0.400	YES
 255	20.0	7.00	2.40	0.400	YES
 256	20.0	7.50	1.00	0.200	YES
 257	20.0	7.50	1.20	0.200	YES
 258	20.0	7.50	1.40	0.240	YES
 259	20.0	7.50	1.60	0.320	YES
 260	20.0	7.50	1.80	0.400	YES
 261	20.0	7.50	2.00	0.400	YES
 262	20.0	7.50	2.20	0.400	YES
 263	20.0	7.50	2.40	0.400	YES
 264	20.0	8.00	1.00	0.200	YES
 265	20.0	8.00	1.20	0.200	YES
 266	20.0	8.00	1.40	0.240	YES
 267	20.0	8.00	1.60	0.320	YES
 268	20.0	8.00	1.80	0.400	YES
 269	20.0	8.00	2.00	0.400	YES
 270	20.0	8.00	2.20	0.400	YES
 271	20.0	8.00	2.40	0.400	YES
 272	30.0	0.00	1.00	0.000	no
 273	30.0	0.00	1.20	0.000	no
 274	30.0	0.00	1.40	0.040	no
 275	30.0	0.00	1.60	0.120	no
 276	30.0	0.00	1.80	0.200	YES
 277	30.0	0.00	2.00	0.200	YES
 278	30.0	0.00	2.20	0.200	YES
 279	30.0	0.00	2.40	0.200	YES
 280	30.0	0.50	1.00	0.000	no
 281	30.0	0.50	1.20	0.000	no
 282	30.0	0.50	1.40	0.040	no
 283	30.0	0.50	1.60	0.120	no
 284	30.0	0.50	1.80	0.200	YES
 285	30.0	0.50	2.00	0.200	YES
 286	30.0	0.50	2.20	0.200	YES
 287	30.0	0.50	2.40	0.200	YES
 288	30.0	1.00	1.00	0.000	no
 289	30.0	1.00	1.20	0.000	no
 290	30.0	1.00	1.40	0.040	no
 291	30.0	1.00	1.60	0.120	no
 292	30.0	1.00	1.80	0.200	YES
 293	30.0	1.00	2.00	0.200	YES
 294	30.0	1.00	2.20	0.200	YES
 295	30.0	1.00	2.40	0.200	YES
 296	30.0	1.50	1.00	0.033	no
 297	30.0	1.50	1.20	0.033	no
 298	30.0	1.50	1.40	0.073	no
 299	30.0	1.50	1.60	0.153	no
 300	30.0	1.50	1.80	0.233	YES
 301	30.0	1.50	2.00	0.233	YES
 302	30.0	1.50	2.20	0.233	YES
 303	30.0	1.50	2.40	0.233	YES
 304	30.0	2.00	1.00	0.067	no
 305	30.0	2.00	1.20	0.067	no
 306	30.0	2.00	1.40	0.107	no
 307	30.0	2.00	1.60	0.187	no
 308	30.0	2.00	1.80	0.267	YES
 309	30.0	2.00	2.00	0.267	YES
 310	30.0	2.00	2.20	0.267	YES
 311	30.0	2.00	2.40	0.267	YES
 312	30.0	2.50	1.00	0.100	no
 313	30.0	2.50	1.20	0.100	no
 314	30.0	2.50	1.40	0.140	no
 315	30.0	2.50	1.60	0.220	YES
 316	30.0	2.50	1.80	0.300	YES
 317	30.0	2.50	2.00	0.300	YES
 318	30.0	2.50	2.20	0.300	YES
 319	30.0	2.50	2.40	0.300	YES
 320	30.0	3.00	1.00	0.133	no
 321	30.0	3.00	1.20	0.133	no
 322	30.0	3.00	1.40	0.173	no
 323	30.0	3.00	1.60	0.253	YES
 324	30.0	3.00	1.80	0.333	YES
 325	30.0	3.00	2.00	0.333	YES
 326	30.0	3.00	2.20	0.333	YES
 327	30.0	3.00	2.40	0.333	YES
 328	30.0	3.50	1.00	0.167	no
 329	30.0	3.50	1.20	0.167	no
 330	30.0	3.50	1.40	0.207	YES
 331	30.0	3.50	1.60	0.287	YES
 332	30.0	3.50	1.80	0.367	YES
 333	30.0	3.50	2.00	0.367	YES
 334	30.0	3.50	2.20	0.367	YES
 335	30.0	3.50	2.40	0.367	YES
 336	30.0	4.00	1.00	0.200	YES
 337	30.0	4.00	1.20	0.200	YES
 338	30.0	4.00	1.40	0.240	YES
 339	30.0	4.00	1.60	0.320	YES
 340	30.0	4.00	1.80	0.400	YES
 341	30.0	4.00	2.00	0.400	YES
 342	30.0	4.00	2.20	0.400	YES
 343	30.0	4.00	2.40	0.400	YES
 344	30.0	4.50	1.00	0.200	YES
 345	30.0	4.50	1.20	0.200	YES
 346	30.0	4.50	1.40	0.240	YES
 347	30.0	4.50	1.60	0.320	YES
 348	30.0	4.50	1.80	0.400	YES
 349	30.0	4.50	2.00	0.400	YES
 350	30.0	4.50	2.20	0.400	YES
 351	30.0	4.50	2.40	0.400	YES
 352	30.0	5.00	1.00	0.200	YES
 353	30.0	5.00	1.20	0.200	YES
 354	30.0	5.00	1.40	0.240	YES
 355	30.0	5.00	1.60	0.320	YES
 356	30.0	5.00	1.80	0.400	YES
 357	30.0	5.00	2.00	0.400	YES
 358	30.0	5.00	2.20	0.400	YES
 359	30.0	5.00	2.40	0.400	YES
 360	30.0	5.50	1.00	0.200	YES
 361	30.0	5.50	1.20	0.200	YES
 362	30.0	5.50	1.40	0.240	YES
 363	30.0	5.50	1.60	0.320	YES
 364	30.0	5.50	1.80	0.400	YES
 365	30.0	5.50	2.00	0.400	YES
 366	30.0	5.50	2.20	0.400	YES
 367	30.0	5.50	2.40	0.400	YES
 368	30.0	6.00	1.00	0.200	YES
 369	30.0	6.00	1.20	0.200	YES
 370	30.0	6.00	1.40	0.240	YES
 371	30.0	6.00	1.60	0.320	YES
 372	30.0	6.00	1.80	0.400	YES
 373	30.0	6.00	2.00	0.400	YES
 374	30.0	6.00	2.20	0.400	YES
 375	30.0	6.00	2.40	0.400	YES
 376	30.0	6.50	1.00	0.200	YES
 377	30.0	6.50	1.20	0.200	YES
 378	30.0	6.50	1.40	0.240	YES
 379	30.0	6.50	1.60	0.320	YES
 380	30.0	6.50	1.80	0.400	YES
 381	30.0	6.50	2.00	0.400	YES
 382	30.0	6.50	2.20	0.400	YES
 383	30.0	6.50	2.40	0.400	YES
 384	30.0	7.00	1.00	0.200	YES
 385	30.0	7.00	1.20	0.200	YES
 386	30.0	7.00	1.40	0.240	YES
 387	30.0	7.00	1.60	0.320	YES
 388	30.0	7.00	1.80	0.400	YES
 389	30.0	7.00	2.00	0.400	YES
 390	30.0	7.00	2.20	0.400	YES
 391	30.0	7.00	2.40	0.400	YES
 392	30.0	7.50	1.00	0.200	YES
 393	30.0	7.50	1.20	0.200	YES
 394	30.0	7.50	1.40	0.240	YES
 395	30.0	7.50	1.60	0.320	YES
 396	30.0	7.50	1.80	0.400	YES
 397	30.0	7.50	2.00	0.400	YES
 398	30.0	7.50	2.20	0.400	YES
 399	30.0	7.50	2.40	0.400	YES
 400	30.0	8.00	1.00	0.200	YES
 401	30.0	8.00	1.20	0.200	YES
 402	30.0	8.00	1.40	0.240	YES
 403	30.0	8.00	1.60	0.320	YES
 404	30.0	8.00	1.80	0.400	YES
 405	30.0	8.00	2.00	0.400	YES
 406	30.0	8.00	2.20	0.400	YES
 407	30.0	8.00	2.40	0.400	YES
 408	50.0	0.00	1.00	0.000	no
 409	50.0	0.00	1.20	0.000	no
 410	50.0	0.00	1.40	0.040	no
 411	50.0	0.00	1.60	0.120	no
 412	50.0	0.00	1.80	0.200	YES
 413	50.0	0.00	2.00	0.200	YES
 414	50.0	0.00	2.20	0.200	YES
 415	50.0	0.00	2.40	0.200	YES
 416	50.0	0.50	1.00	0.000	no
 417	50.0	0.50	1.20	0.000	no
 418	50.0	0.50	1.40	0.040	no
 419	50.0	0.50	1.60	0.120	no
 420	50.0	0.50	1.80	0.200	YES
 421	50.0	0.50	2.00	0.200	YES
 422	50.0	0.50	2.20	0.200	YES
 423	50.0	0.50	2.40	0.200	YES
 424	50.0	1.00	1.00	0.000	no
 425	50.0	1.00	1.20	0.000	no
 426	50.0	1.00	1.40	0.040	no
 427	50.0	1.00	1.60	0.120	no
 428	50.0	1.00	1.80	0.200	YES
 429	50.0	1.00	2.00	0.200	YES
 430	50.0	1.00	2.20	0.200	YES
 431	50.0	1.00	2.40	0.200	YES
 432	50.0	1.50	1.00	0.033	no
 433	50.0	1.50	1.20	0.033	no
 434	50.0	1.50	1.40	0.073	no
 435	50.0	1.50	1.60	0.153	no
 436	50.0	1.50	1.80	0.233	YES
 437	50.0	1.50	2.00	0.233	YES
 438	50.0	1.50	2.20	0.233	YES
 439	50.0	1.50	2.40	0.233	YES
 440	50.0	2.00	1.00	0.067	no
 441	50.0	2.00	1.20	0.067	no
 442	50.0	2.00	1.40	0.107	no
 443	50.0	2.00	1.60	0.187	no
 444	50.0	2.00	1.80	0.267	YES
 445	50.0	2.00	2.00	0.267	YES
 446	50.0	2.00	2.20	0.267	YES
 447	50.0	2.00	2.40	0.267	YES
 448	50.0	2.50	1.00	0.100	no
 449	50.0	2.50	1.20	0.100	no
 450	50.0	2.50	1.40	0.140	no
 451	50.0	2.50	1.60	0.220	YES
 452	50.0	2.50	1.80	0.300	YES
 453	50.0	2.50	2.00	0.300	YES
 454	50.0	2.50	2.20	0.300	YES
 455	50.0	2.50	2.40	0.300	YES
 456	50.0	3.00	1.00	0.133	no
 457	50.0	3.00	1.20	0.133	no
 458	50.0	3.00	1.40	0.173	no
 459	50.0	3.00	1.60	0.253	YES
 460	50.0	3.00	1.80	0.333	YES
 461	50.0	3.00	2.00	0.333	YES
 462	50.0	3.00	2.20	0.333	YES
 463	50.0	3.00	2.40	0.333	YES
 464	50.0	3.50	1.00	0.167	no
 465	50.0	3.50	1.20	0.167	no
 466	50.0	3.50	1.40	0.207	YES
 467	50.0	3.50	1.60	0.287	YES
 468	50.0	3.50	1.80	0.367	YES
 469	50.0	3.50	2.00	0.367	YES
 470	50.0	3.50	2.20	0.367	YES
 471	50.0	3.50	2.40	0.367	YES
 472	50.0	4.00	1.00	0.200	YES
 473	50.0	4.00	1.20	0.200	YES
 474	50.0	4.00	1.40	0.240	YES
 475	50.0	4.00	1.60	0.320	YES
 476	50.0	4.00	1.80	0.400	YES
 477	50.0	4.00	2.00	0.400	YES
 478	50.0	4.00	2.20	0.400	YES
 479	50.0	4.00	2.40	0.400	YES
 480	50.0	4.50	1.00	0.200	YES
 481	50.0	4.50	1.20	0.200	YES
 482	50.0	4.50	1.40	0.240	YES
 483	50.0	4.50	1.60	0.320	YES
 484	50.0	4.50	1.80	0.400	YES
 485	50.0	4.50	2.00	0.400	YES
 486	50.0	4.50	2.20	0.400	YES
 487	50.0	4.50	2.40	0.400	YES
 488	50.0	5.00	1.00	0.200	YES
 489	50.0	5.00	1.20	0.200	YES
 490	50.0	5.00	1.40	0.240	YES
 491	50.0	5.00	1.60	0.320	YES
 492	50.0	5.00	1.80	0.400	YES
 493	50.0	5.00	2.00	0.400	YES
 494	50.0	5.00	2.20	0.400	YES
 495	50.0	5.00	2.40	0.400	YES
 496	50.0	5.50	1.00	0.200	YES
 497	50.0	5.50	1.20	0.200	YES
 498	50.0	5.50	1.40	0.240	YES
 499	50.0	5.50	1.60	0.320	YES
 500	50.0	5.50	1.80	0.400	YES
 501	50.0	5.50	2.00	0.400	YES
 502	50.0	5.50	2.20	0.400	YES
 503	50.0	5.50	2.40	0.400	YES
 504	50.0	6.00	1.00	0.200	YES
 505	50.0	6.00	1.20	0.200	YES
 506	50.0	6.00	1.40	0.240	YES
 507	50.0	6.00	1.60	0.320	YES
 508	50.0	6.00	1.80	0.400	YES
 509	50.0	6.00	2.00	0.400	YES
 510	50.0	6.00	2.20	0.400	YES
 511	50.0	6.00	2.40	0.400	YES
 512	50.0	6.50	1.00	0.200	YES
 513	50.0	6.50	1.20	0.200	YES
 514	50.0	6.50	1.40	0.240	YES
 515	50.0	6.50	1.60	0.320	YES
 516	50.0	6.50	1.80	0.400	YES
 517	50.0	6.50	2.00	0.400	YES
 518	50.0	6.50	2.20	0.400	YES
 519	50.0	6.50	2.40	0.400	YES
 520	50.0	7.00	1.00	0.200	YES
 521	50.0	7.00	1.20	0.200	YES
 522	50.0	7.00	1.40	0.240	YES
 523	50.0	7.00	1.60	0.320	YES
 524	50.0	7.00	1.80	0.400	YES
 525	50.0	7.00	2.00	0.400	YES
 526	50.0	7.00	2.20	0.400	YES
 527	50.0	7.00	2.40	0.400	YES
 528	50.0	7.50	1.00	0.200	YES
 529	50.0	7.50	1.20	0.200	YES
 530	50.0	7.50	1.40	0.240	YES
 531	50.0	7.50	1.60	0.320	YES
 532	50.0	7.50	1.80	0.400	YES
 533	50.0	7.50	2.00	0.400	YES
 534	50.0	7.50	2.20	0.400	YES
 535	50.0	7.50	2.40	0.400	YES
 536	50.0	8.00	1.00	0.200	YES
 537	50.0	8.00	1.20	0.200	YES
 538	50.0	8.00	1.40	0.240	YES
 539	50.0	8.00	1.60	0.320	YES
 540	50.0	8.00	1.80	0.400	YES
 541	50.0	8.00	2.00	0.400	YES
 542	50.0	8.00	2.20	0.400	YES
 543	50.0	8.00	2.40	0.400	YES
 544	65.0	0.00	1.00	0.009	no
 545	65.0	0.00	1.20	0.009	no
 546	65.0	0.00	1.40	0.049	no
 547	65.0	0.00	1.60	0.129	no
 548	65.0	0.00	1.80	0.209	YES
 549	65.0	0.00	2.00	0.209	YES
 550	65.0	0.00	2.20	0.209	YES
 551	65.0	0.00	2.40	0.209	YES
 552	65.0	0.50	1.00	0.009	no
 553	65.0	0.50	1.20	0.009	no
 554	65.0	0.50	1.40	0.049	no
 555	65.0	0.50	1.60	0.129	no
 556	65.0	0.50	1.80	0.209	YES
 557	65.0	0.50	2.00	0.209	YES
 558	65.0	0.50	2.20	0.209	YES
 559	65.0	0.50	2.40	0.209	YES
 560	65.0	1.00	1.00	0.009	no
 561	65.0	1.00	1.20	0.009	no
 562	65.0	1.00	1.40	0.049	no
 563	65.0	1.00	1.60	0.129	no
 564	65.0	1.00	1.80	0.209	YES
 565	65.0	1.00	2.00	0.209	YES
 566	65.0	1.00	2.20	0.209	YES
 567	65.0	1.00	2.40	0.209	YES
 568	65.0	1.50	1.00	0.043	no
 569	65.0	1.50	1.20	0.043	no
 570	65.0	1.50	1.40	0.083	no
 571	65.0	1.50	1.60	0.163	no
 572	65.0	1.50	1.80	0.243	YES
 573	65.0	1.50	2.00	0.243	YES
 574	65.0	1.50	2.20	0.243	YES
 575	65.0	1.50	2.40	0.243	YES
 576	65.0	2.00	1.00	0.076	no
 577	65.0	2.00	1.20	0.076	no
 578	65.0	2.00	1.40	0.116	no
 579	65.0	2.00	1.60	0.196	no
 580	65.0	2.00	1.80	0.276	YES
 581	65.0	2.00	2.00	0.276	YES
 582	65.0	2.00	2.20	0.276	YES
 583	65.0	2.00	2.40	0.276	YES
 584	65.0	2.50	1.00	0.109	no
 585	65.0	2.50	1.20	0.109	no
 586	65.0	2.50	1.40	0.149	no
 587	65.0	2.50	1.60	0.229	YES
 588	65.0	2.50	1.80	0.309	YES
 589	65.0	2.50	2.00	0.309	YES
 590	65.0	2.50	2.20	0.309	YES
 591	65.0	2.50	2.40	0.309	YES
 592	65.0	3.00	1.00	0.143	no
 593	65.0	3.00	1.20	0.143	no
 594	65.0	3.00	1.40	0.183	no
 595	65.0	3.00	1.60	0.263	YES
 596	65.0	3.00	1.80	0.343	YES
 597	65.0	3.00	2.00	0.343	YES
 598	65.0	3.00	2.20	0.343	YES
 599	65.0	3.00	2.40	0.343	YES
 600	65.0	3.50	1.00	0.176	no
 601	65.0	3.50	1.20	0.176	no
 602	65.0	3.50	1.40	0.216	YES
 603	65.0	3.50	1.60	0.296	YES
 604	65.0	3.50	1.80	0.376	YES
 605	65.0	3.50	2.00	0.376	YES
 606	65.0	3.50	2.20	0.376	YES
 607	65.0	3.50	2.40	0.376	YES
 608	65.0	4.00	1.00	0.209	YES
 609	65.0	4.00	1.20	0.209	YES
 610	65.0	4.00	1.40	0.249	YES
 611	65.0	4.00	1.60	0.329	YES
 612	65.0	4.00	1.80	0.409	YES
 613	65.0	4.00	2.00	0.409	YES
 614	65.0	4.00	2.20	0.409	YES
 615	65.0	4.00	2.40	0.409	YES
 616	65.0	4.50	1.00	0.209	YES
 617	65.0	4.50	1.20	0.209	YES
 618	65.0	4.50	1.40	0.249	YES
 619	65.0	4.50	1.60	0.329	YES
 620	65.0	4.50	1.80	0.409	YES
 621	65.0	4.50	2.00	0.409	YES
 622	65.0	4.50	2.20	0.409	YES
 623	65.0	4.50	2.40	0.409	YES
 624	65.0	5.00	1.00	0.209	YES
 625	65.0	5.00	1.20	0.209	YES
 626	65.0	5.00	1.40	0.249	YES
 627	65.0	5.00	1.60	0.329	YES
 628	65.0	5.00	1.80	0.409	YES
 629	65.0	5.00	2.00	0.409	YES
 630	65.0	5.00	2.20	0.409	YES
 631	65.0	5.00	2.40	0.409	YES
 632	65.0	5.50	1.00	0.209	YES
 633	65.0	5.50	1.20	0.209	YES
 634	65.0	5.50	1.40	0.249	YES
 635	65.0	5.50	1.60	0.329	YES
 636	65.0	5.50	1.80	0.409	YES
 637	65.0	5.50	2.00	0.409	YES
 638	65.0	5.50	2.20	0.409	YES
 639	65.0	5.50	2.40	0.409	YES
 640	65.0	6.00	1.00	0.209	YES
 641	65.0	6.00	1.20	0.209	YES
 642	65.0	6.00	1.40	0.249	YES
 643	65.0	6.00	1.60	0.329	YES
 644	65.0	6.00	1.80	0.409	YES
 645	65.0	6.00	2.00	0.409	YES
 646	65.0	6.00	2.20	0.409	YES
 647	65.0	6.00	2.40	0.409	YES
 648	65.0	6.50	1.00	0.209	YES
 649	65.0	6.50	1.20	0.209	YES
 650	65.0	6.50	1.40	0.249	YES
 651	65.0	6.50	1.60	0.329	YES
 652	65.0	6.50	1.80	0.409	YES
 653	65.0	6.50	2.00	0.409	YES
 654	65.0	6.50	2.20	0.409	YES
 655	65.0	6.50	2.40	0.409	YES
 656	65.0	7.00	1.00	0.209	YES
 657	65.0	7.00	1.20	0.209	YES
 658	65.0	7.00	1.40	0.249	YES
 659	65.0	7.00	1.60	0.329	YES
 660	65.0	7.00	1.80	0.409	YES
 661	65.0	7.00	2.00	0.409	YES
 662	65.0	7.00	2.20	0.409	YES
 663	65.0	7.00	2.40	0.409	YES
 664	65.0	7.50	1.00	0.209	YES
 665	65.0	7.50	1.20	0.209	YES
 666	65.0	7.50	1.40	0.249	YES
 667	65.0	7.50	1.60	0.329	YES
 668	65.0	7.50	1.80	0.409	YES
 669	65.0	7.50	2.00	0.409	YES
 670	65.0	7.50	2.20	0.409	YES
 671	65.0	7.50	2.40	0.409	YES
 672	65.0	8.00	1.00	0.209	YES
 673	65.0	8.00	1.20	0.209	YES
 674	65.0	8.00	1.40	0.249	YES
 675	65.0	8.00	1.60	0.329	YES
 676	65.0	8.00	1.80	0.409	YES
 677	65.0	8.00	2.00	0.409	YES
 678	65.0	8.00	2.20	0.409	YES
 679	65.0	8.00	2.40	0.409	YES
 680	70.0	0.00	1.00	0.037	YES
 681	70.0	0.00	1.20	0.037	YES
 682	70.0	0.00	1.40	0.078	YES
 683	70.0	0.00	1.60	0.158	YES
 684	70.0	0.00	1.80	0.237	YES
 685	70.0	0.00	2.00	0.237	YES
 686	70.0	0.00	2.20	0.237	YES
 687	70.0	0.00	2.40	0.237	YES
 688	70.0	0.50	1.00	0.037	YES
 689	70.0	0.50	1.20	0.037	YES
 690	70.0	0.50	1.40	0.078	YES
 691	70.0	0.50	1.60	0.158	YES
 692	70.0	0.50	1.80	0.237	YES
 693	70.0	0.50	2.00	0.237	YES
 694	70.0	0.50	2.20	0.237	YES
 695	70.0	0.50	2.40	0.237	YES
 696	70.0	1.00	1.00	0.037	YES
 697	70.0	1.00	1.20	0.037	YES
 698	70.0	1.00	1.40	0.078	YES
 699	70.0	1.00	1.60	0.158	YES
 700	70.0	1.00	1.80	0.237	YES
 701	70.0	1.00	2.00	0.237	YES
 702	70.0	1.00	2.20	0.237	YES
 703	70.0	1.00	2.40	0.237	YES
 704	70.0	1.50	1.00	0.071	YES
 705	70.0	1.50	1.20	0.071	YES
 706	70.0	1.50	1.40	0.111	YES
 707	70.0	1.50	1.60	0.191	YES
 708	70.0	1.50	1.80	0.271	YES
 709	70.0	1.50	2.00	0.271	YES
 710	70.0	1.50	2.20	0.271	YES
 711	70.0	1.50	2.40	0.271	YES
 712	70.0	2.00	1.00	0.104	YES
 713	70.0	2.00	1.20	0.104	YES
 714	70.0	2.00	1.40	0.144	YES
 715	70.0	2.00	1.60	0.224	YES
 716	70.0	2.00	1.80	0.304	YES
 717	70.0	2.00	2.00	0.304	YES
 718	70.0	2.00	2.20	0.304	YES
 719	70.0	2.00	2.40	0.304	YES
 720	70.0	2.50	1.00	0.138	YES
 721	70.0	2.50	1.20	0.138	YES
 722	70.0	2.50	1.40	0.178	YES
 723	70.0	2.50	1.60	0.257	YES
 724	70.0	2.50	1.80	0.338	YES
 725	70.0	2.50	2.00	0.338	YES
 726	70.0	2.50	2.20	0.338	YES
 727	70.0	2.50	2.40	0.338	YES
 728	70.0	3.00	1.00	0.171	YES
 729	70.0	3.00	1.20	0.171	YES
 730	70.0	3.00	1.40	0.211	YES
 731	70.0	3.00	1.60	0.291	YES
 732	70.0	3.00	1.80	0.371	YES
 733	70.0	3.00	2.00	0.371	YES
 734	70.0	3.00	2.20	0.371	YES
 735	70.0	3.00	2.40	0.371	YES
 736	70.0	3.50	1.00	0.204	YES
 737	70.0	3.50	1.20	0.204	YES
 738	70.0	3.50	1.40	0.244	YES
 739	70.0	3.50	1.60	0.324	YES
 740	70.0	3.50	1.80	0.404	YES
 741	70.0	3.50	2.00	0.404	YES
 742	70.0	3.50	2.20	0.404	YES
 743	70.0	3.50	2.40	0.404	YES
 744	70.0	4.00	1.00	0.237	YES
 745	70.0	4.00	1.20	0.237	YES
 746	70.0	4.00	1.40	0.278	YES
 747	70.0	4.00	1.60	0.358	YES
 748	70.0	4.00	1.80	0.438	YES
 749	70.0	4.00	2.00	0.438	YES
 750	70.0	4.00	2.20	0.438	YES
 751	70.0	4.00	2.40	0.438	YES
 752	70.0	4.50	1.00	0.237	YES
 753	70.0	4.50	1.20	0.237	YES
 754	70.0	4.50	1.40	0.278	YES
 755	70.0	4.50	1.60	0.358	YES
 756	70.0	4.50	1.80	0.438	YES
 757	70.0	4.50	2.00	0.438	YES
 758	70.0	4.50	2.20	0.438	YES
 759	70.0	4.50	2.40	0.438	YES
 760	70.0	5.00	1.00	0.237	YES
 761	70.0	5.00	1.20	0.237	YES
 762	70.0	5.00	1.40	0.278	YES
 763	70.0	5.00	1.60	0.358	YES
 764	70.0	5.00	1.80	0.438	YES
 765	70.0	5.00	2.00	0.438	YES
 766	70.0	5.00	2.20	0.438	YES
 767	70.0	5.00	2.40	0.438	YES
 768	70.0	5.50	1.00	0.237	YES
 769	70.0	5.50	1.20	0.237	YES
 770	70.0	5.50	1.40	0.278	YES
 771	70.0	5.50	1.60	0.358	YES
 772	70.0	5.50	1.80	0.438	YES
 773	70.0	5.50	2.00	0.438	YES
 774	70.0	5.50	2.20	0.438	YES
 775	70.0	5.50	2.40	0.438	YES
 776	70.0	6.00	1.00	0.237	YES
 777	70.0	6.00	1.20	0.237	YES
 778	70.0	6.00	1.40	0.278	YES
 779	70.0	6.00	1.60	0.358	YES
 780	70.0	6.00	1.80	0.438	YES
 781	70.0	6.00	2.00	0.438	YES
 782	70.0	6.00	2.20	0.438	YES
 783	70.0	6.00	2.40	0.438	YES
 784	70.0	6.50	1.00	0.237	YES
 785	70.0	6.50	1.20	0.237	YES
 786	70.0	6.50	1.40	0.278	YES
 787	70.0	6.50	1.60	0.358	YES
 788	70.0	6.50	1.80	0.438	YES
 789	70.0	6.50	2.00	0.438	YES
 790	70.0	6.50	2.20	0.438	YES
 791	70.0	6.50	2.40	0.438	YES
 792	70.0	7.00	1.00	0.237	YES
 793	70.0	7.00	1.20	0.237	YES
 794	70.0	7.00	1.40	0.278	YES
 795	70.0	7.00	1.60	0.358	YES
 796	70.0	7.00	1.80	0.438	YES
 797	70.0	7.00	2.00	0.438	YES
 798	70.0	7.00	2.20	0.438	YES
 799	70.0	7.00	2.40	0.438	YES
 800	70.0	7.50	1.00	0.237	YES
 801	70.0	7.50	1.20	0.237	YES
 802	70.0	7.50	1.40	0.278	YES
 803	70.0	7.50	1.60	0.358	YES
 804	70.0	7.50	1.80	0.438	YES
 805	70.0	7.50	2.00	0.438	YES
 806	70.0	7.50	2.20	0.438	YES
 807	70.0	7.50	2.40	0.438	YES
 808	70.0	8.00	1.00	0.237	YES
 809	70.0	8.00	1.20	0.237	YES
 810	70.0	8.00	1.40	0.278	YES
 811	70.0	8.00	1.60	0.358	YES
 812	70.0	8.00	1.80	0.438	YES
 813	70.0	8.00	2.00	0.438	YES
 814	70.0	8.00	2.20	0.438	YES
 815	70.0	8.00	2.40	0.438	YES
 816	90.0	0.00	1.00	0.338	YES
 817	90.0	0.00	1.20	0.338	YES
 818	90.0	0.00	1.40	0.378	YES
 819	90.0	0.00	1.60	0.458	YES
 820	90.0	0.00	1.80	0.537	YES
 821	90.0	0.00	2.00	0.537	YES
 822	90.0	0.00	2.20	0.537	YES
 823	90.0	0.00	2.40	0.537	YES
 824	90.0	0.50	1.00	0.338	YES
 825	90.0	0.50	1.20	0.338	YES
 826	90.0	0.50	1.40	0.378	YES
 827	90.0	0.50	1.60	0.458	YES
 828	90.0	0.50	1.80	0.537	YES
 829	90.0	0.50	2.00	0.537	YES
 830	90.0	0.50	2.20	0.537	YES
 831	90.0	0.50	2.40	0.537	YES
 832	90.0	1.00	1.00	0.338	YES
 833	90.0	1.00	1.20	0.338	YES
 834	90.0	1.00	1.40	0.378	YES
 835	90.0	1.00	1.60	0.458	YES
 836	90.0	1.00	1.80	0.537	YES
 837	90.0	1.00	2.00	0.537	YES
 838	90.0	1.00	2.20	0.537	YES
 839	90.0	1.00	2.40	0.537	YES
 840	90.0	1.50	1.00	0.371	YES
 841	90.0	1.50	1.20	0.371	YES
 842	90.0	1.50	1.40	0.411	YES
 843	90.0	1.50	1.60	0.491	YES
 844	90.0	1.50	1.80	0.571	YES
 845	90.0	1.50	2.00	0.571	YES
 846	90.0	1.50	2.20	0.571	YES
 847	90.0	1.50	2.40	0.571	YES
 848	90.0	2.00	1.00	0.404	YES
 849	90.0	2.00	1.20	0.404	YES
 850	90.0	2.00	1.40	0.444	YES
 851	90.0	2.00	1.60	0.524	YES
 852	90.0	2.00	1.80	0.604	YES
 853	90.0	2.00	2.00	0.604	YES
 854	90.0	2.00	2.20	0.604	YES
 855	90.0	2.00	2.40	0.604	YES
 856	90.0	2.50	1.00	0.438	YES
 857	90.0	2.50	1.20	0.438	YES
 858	90.0	2.50	1.40	0.478	YES
 859	90.0	2.50	1.60	0.557	YES
 860	90.0	2.50	1.80	0.637	YES
 861	90.0	2.50	2.00	0.637	YES
 862	90.0	2.50	2.20	0.637	YES
 863	90.0	2.50	2.40	0.637	YES
 864	90.0	3.00	1.00	0.471	YES
 865	90.0	3.00	1.20	0.471	YES
 866	90.0	3.00	1.40	0.511	YES
 867	90.0	3.00	1.60	0.591	YES
 868	90.0	3.00	1.80	0.671	YES
 869	90.0	3.00	2.00	0.671	YES
 870	90.0	3.00	2.20	0.671	YES
 871	90.0	3.00	2.40	0.671	YES
 872	90.0	3.50	1.00	0.504	YES
 873	90.0	3.50	1.20	0.504	YES
 874	90.0	3.50	1.40	0.544	YES
 875	90.0	3.50	1.60	0.624	YES
 876	90.0	3.50	1.80	0.704	YES
 877	90.0	3.50	2.00	0.704	YES
 878	90.0	3.50	2.20	0.704	YES
 879	90.0	3.50	2.40	0.704	YES
 880	90.0	4.00	1.00	0.537	YES
 881	90.0	4.00	1.20	0.537	YES
 882	90.0	4.00	1.40	0.577	YES
 883	90.0	4.00	1.60	0.658	YES
 884	90.0	4.00	1.80	0.738	YES
 885	90.0	4.00	2.00	0.738	YES
 886	90.0	4.00	2.20	0.738	YES
 887	90.0	4.00	2.40	0.738	YES
 888	90.0	4.50	1.00	0.537	YES
 889	90.0	4.50	1.20	0.537	YES
 890	90.0	4.50	1.40	0.577	YES
 891	90.0	4.50	1.60	0.658	YES
 892	90.0	4.50	1.80	0.738	YES
 893	90.0	4.50	2.00	0.738	YES
 894	90.0	4.50	2.20	0.738	YES
 895	90.0	4.50	2.40	0.738	YES
 896	90.0	5.00	1.00	0.537	YES
 897	90.0	5.00	1.20	0.537	YES
 898	90.0	5.00	1.40	0.577	YES
 899	90.0	5.00	1.60	0.658	YES
 900	90.0	5.00	1.80	0.738	YES
 901	90.0	5.00	2.00	0.738	YES
 902	90.0	5.00	2.20	0.738	YES
 903	90.0	5.00	2.40	0.738	YES
 904	90.0	5.50	1.00	0.537	YES
 905	90.0	5.50	1.20	0.537	YES
 906	90.0	5.50	1.40	0.577	YES
 907	90.0	5.50	1.60	0.658	YES
 908	90.0	5.50	1.80	0.738	YES
 909	90.0	5.50	2.00	0.738	YES
 910	90.0	5.50	2.20	0.738	YES
 911	90.0	5.50	2.40	0.738	YES
 912	90.0	6.00	1.00	0.537	YES
 913	90.0	6.00	1.20	0.537	YES
 914	90.0	6.00	1.40	0.577	YES
 915	90.0	6.00	1.60	0.658	YES
 916	90.0	6.00	1.80	0.738	YES
 917	90.0	6.00	2.00	0.738	YES
 918	90.0	6.00	2.20	0.738	YES
 919	90.0	6.00	2.40	0.738	YES
 920	90.0	6.50	1.00	0.537	YES
 921	90.0	6.50	1.20	0.537	YES
 922	90.0	6.50	1.40	0.577	YES
 923	90.0	6.50	1.60	0.658	YES
 924	90.0	6.50	1.80	0.738	YES
 925	90.0	6.50	2.00	0.738	YES
 926	90.0	6.50	2.20	0.738	YES
 927	90.0	6.50	2.40	0.738	YES
 928	90.0	7.00	1.00	0.537	YES
 929	90.0	7.00	1.20	0.537	YES
 930	90.0	7.00	1.40	0.577	YES
 931	90.0	7.00	1.60	0.658	YES
 932	90.0	7.00	1.80	0.738	YES
 933	90.0	7.00	2.00	0.738	YES
 934	90.0	7.00	2.20	0.738	YES
 935	90.0	7.00	2.40	0.738	YES
 936	90.0	7.50	1.00	0.537	YES
 937	90.0	7.50	1.20	0.537	YES
 938	90.0	7.50	1.40	0.577	YES
 939	90.0	7.50	1.60	0.658	YES
 940	90.0	7.50	1.80	0.738	YES
 941	90.0	7.50	2.00	0.738	YES
 942	90.0	7.50	2.20	0.738	YES
 943	90.0	7.50	2.40	0.738	YES
 944	90.0	8.00	1.00	0.537	YES
 945	90.0	8.00	1.20	0.537	YES
 946	90.0	8.00	1.40	0.577	YES
 947	90.0	8.00	1.60	0.658	YES
 948	90.0	8.00	1.80	0.738	YES
 949	90.0	8.00	2.00	0.738	YES
 950	90.0	8.00	2.20	0.738	YES
 951	90.0	8.00	2.40	0.738	YES
 952	100.0	0.00	1.00	0.600	YES
 953	100.0	0.00	1.20	0.600	YES
 954	100.0	0.00	1.40	0.640	YES
 955	100.0	0.00	1.60	0.720	YES
 956	100.0	0.00	1.80	0.800	YES
 957	100.0	0.00	2.00	0.800	YES
 958	100.0	0.00	2.20	0.800	YES
 959	100.0	0.00	2.40	0.800	YES
 960	100.0	0.50	1.00	0.600	YES
 961	100.0	0.50	1.20	0.600	YES
 962	100.0	0.50	1.40	0.640	YES
 963	100.0	0.50	1.60	0.720	YES
 964	100.0	0.50	1.80	0.800	YES
 965	100.0	0.50	2.00	0.800	YES
 966	100.0	0.50	2.20	0.800	YES
 967	100.0	0.50	2.40	0.800	YES
 968	100.0	1.00	1.00	0.600	YES
 969	100.0	1.00	1.20	0.600	YES
 970	100.0	1.00	1.40	0.640	YES
 971	100.0	1.00	1.60	0.720	YES
 972	100.0	1.00	1.80	0.800	YES
 973	100.0	1.00	2.00	0.800	YES
 974	100.0	1.00	2.20	0.800	YES
 975	100.0	1.00	2.40	0.800	YES
 976	100.0	1.50	1.00	0.633	YES
 977	100.0	1.50	1.20	0.633	YES
 978	100.0	1.50	1.40	0.673	YES
 979	100.0	1.50	1.60	0.753	YES
 980	100.0	1.50	1.80	0.833	YES
 981	100.0	1.50	2.00	0.833	YES
 982	100.0	1.50	2.20	0.833	YES
 983	100.0	1.50	2.40	0.833	YES
 984	100.0	2.00	1.00	0.667	YES
 985	100.0	2.00	1.20	0.667	YES
 986	100.0	2.00	1.40	0.707	YES
 987	100.0	2.00	1.60	0.787	YES
 988	100.0	2.00	1.80	0.867	YES
 989	100.0	2.00	2.00	0.867	YES
 990	100.0	2.00	2.20	0.867	YES
 991	100.0	2.00	2.40	0.867	YES
 992	100.0	2.50	1.00	0.700	YES
 993	100.0	2.50	1.20	0.700	YES
 994	100.0	2.50	1.40	0.740	YES
 995	100.0	2.50	1.60	0.820	YES
 996	100.0	2.50	1.80	0.900	YES
 997	100.0	2.50	2.00	0.900	YES
 998	100.0	2.50	2.20	0.900	YES
 999	100.0	2.50	2.40	0.900	YES
1000	100.0	3.00	1.00	0.733	YES
1001	100.0	3.00	1.20	0.733	YES
1002	100.0	3.00	1.40	0.773	YES
1003	100.0	3.00	1.60	0.853	YES
1004	100.0	3.00	1.80	0.933	YES
1005	100.0	3.00	2.00	0.933	YES
1006	100.0	3.00	2.20	0.933	YES
1007	100.0	3.00	2.40	0.933	YES
1008	100.0	3.50	1.00	0.767	YES
1009	100.0	3.50	1.20	0.767	YES
1010	100.0	3.50	1.40	0.807	YES
1011	100.0	3.50	1.60	0.887	YES
1012	100.0	3.50	1.80	0.967	YES
1013	100.0	3.50	2.00	0.967	YES
1014	100.0	3.50	2.20	0.967	YES
1015	100.0	3.50	2.40	0.967	YES
1016	100.0	4.00	1.00	0.800	YES
1017	100.0	4.00	1.20	0.800	YES
1018	100.0	4.00	1.40	0.840	YES
1019	100.0	4.00	1.60	0.920	YES
1020	100.0	4.00	1.80	1.000	YES
1021	100.0	4.00	2.00	1.000	YES
1022	100.0	4.00	2.20	1.000	YES
1023	100.0	4.00	2.40	1.000	YES
1024	100.0	4.50	1.00	0.800	YES
1025	100.0	4.50	1.20	0.800	YES
1026	100.0	4.50	1.40	0.840	YES
1027	100.0	4.50	1.60	0.920	YES
1028	100.0	4.50	1.80	1.000	YES
1029	100.0	4.50	2.00	1.000	YES
1030	100.0	4.50	2.20	1.000	YES
1031	100.0	4.50	2.40	1.000	YES
1032	100.0	5.00	1.00	0.800	YES
1033	100.0	5.00	1.20	0.800	YES
1034	100.0	5.00	1.40	0.840	YES
1035	100.0	5.00	1.60	0.920	YES
1036	100.0	5.00	1.80	1.000	YES
1037	100.0	5.00	2.00	1.000	YES
1038	100.0	5.00	2.20	1.000	YES
1039	100.0	5.00	2.40	1.000	YES
1040	100.0	5.50	1.00	0.800	YES
1041	100.0	5.50	1.20	0.800	YES
1042	100.0	5.50	1.40	0.840	YES
1043	100.0	5.50	1.60	0.920	YES
1044	100.0	5.50	1.80	1.000	YES
1045	100.0	5.50	2.00	1.000	YES
1046	100.0	5.50	2.20	1.000	YES
1047	100.0	5.50	2.40	1.000	YES
1048	100.0	6.00	1.00	0.800	YES
1049	100.0	6.00	1.20	0.800	YES
1050	100.0	6.00	1.40	0.840	YES
1051	100.0	6.00	1.60	0.920	YES
1052	100.0	6.00	1.80	1.000	YES
1053	100.0	6.00	2.00	1.000	YES
1054	100.0	6.00	2.20	1.000	YES
1055	100.0	6.00	2.40	1.000	YES
1056	100.0	6.50	1.00	0.800	YES
1057	100.0	6.50	1.20	0.800	YES
1058	100.0	6.50	1.40	0.840	YES
1059	100.0	6.50	1.60	0.920	YES
1060	100.0	6.50	1.80	1.000	YES
1061	100.0	6.50	2.00	1.000	YES
1062	100.0	6.50	2.20	1.000	YES
1063	100.0	6.50	2.40	1.000	YES
1064	100.0	7.00	1.00	0.800	YES
1065	100.0	7.00	1.20	0.800	YES
1066	100.0	7.00	1.40	0.840	YES
1067	100.0	7.00	1.60	0.920	YES
1068	100.0	7.00	1.80	1.000	YES
1069	100.0	7.00	2.00	1.000	YES
1070	100.0	7.00	2.20	1.000	YES
1071	100.0	7.00	2.40	1.000	YES
1072	100.0	7.50	1.00	0.800	YES
1073	100.0	7.50	1.20	0.800	YES
1074	100.0	7.50	1.40	0.840	YES
1075	100.0	7.50	1.60	0.920	YES
1076	100.0	7.50	1.80	1.000	YES
1077	100.0	7.50	2.00	1.000	YES
1078	100.0	7.50	2.20	1.000	YES
1079	100.0	7.50	2.40	1.000	YES
1080	100.0	8.00	1.00	0.800	YES
1081	100.0	8.00	1.20	0.800	YES
1082	100.0	8.00	1.40	0.840	YES
1083	100.0	8.00	1.60	0.920	YES
1084	100.0	8.00	1.80	1.000	YES
1085	100.0	8.00	2.00	1.000	YES
1086	100.0	8.00	2.20	1.000	YES
1087	100.0	8.00	2.40	1.000	YES
